{
 "cells": [
  {
   "cell_type": "code",
   "execution_count": 2,
   "metadata": {
    "collapsed": true
   },
   "outputs": [
    {
     "data": {
      "text/plain": [
       "array([[ 0.97823896,  0.73822039,  0.28921904,  0.56766275],\n       [ 0.80985857,  0.4410576 ,  0.06286906,  0.69596154],\n       [ 0.68501758,  0.16017242,  0.4099828 ,  0.65643093],\n       [ 0.65859091,  0.82296421,  0.50443776,  0.84502195]])"
      ]
     },
     "execution_count": 2,
     "metadata": {},
     "output_type": "execute_result"
    }
   ],
   "source": [
    "import numpy as np\n",
    "np.random.rand(4,4)"
   ]
  },
  {
   "cell_type": "code",
   "execution_count": 3,
   "metadata": {},
   "outputs": [],
   "source": [
    "rangMat = np.mat(np.random.rand(4, 4))"
   ]
  },
  {
   "cell_type": "code",
   "execution_count": 4,
   "metadata": {},
   "outputs": [
    {
     "data": {
      "text/plain": [
       "matrix([[ 0.111055  ,  0.06147855,  0.41935833,  0.71759676],\n        [ 0.08531922,  0.73121816,  0.29461722,  0.24497558],\n        [ 0.20651452,  0.7245459 ,  0.02015982,  0.60787311],\n        [ 0.43350734,  0.95248782,  0.72465909,  0.63615117]])"
      ]
     },
     "execution_count": 4,
     "metadata": {},
     "output_type": "execute_result"
    }
   ],
   "source": [
    "rangMat"
   ]
  },
  {
   "cell_type": "code",
   "execution_count": 5,
   "metadata": {},
   "outputs": [
    {
     "data": {
      "text/plain": [
       "matrix([[-2.1200814 , -5.31628859,  1.13232343,  3.35677362],\n        [-0.50879792,  1.50092604,  0.33600652, -0.3251237 ],\n        [ 0.79552778,  1.22825308, -1.93008785,  0.47392563],\n        [ 1.3003328 , -0.02362398,  0.92390473, -0.76859742]])"
      ]
     },
     "execution_count": 5,
     "metadata": {},
     "output_type": "execute_result"
    }
   ],
   "source": [
    "# 求逆\n",
    "rangMat.I"
   ]
  },
  {
   "cell_type": "code",
   "execution_count": 6,
   "metadata": {},
   "outputs": [
    {
     "data": {
      "text/plain": [
       "array([[ 1.,  0.,  0.,  0.],\n       [ 0.,  1.,  0.,  0.],\n       [ 0.,  0.,  1.,  0.],\n       [ 0.,  0.,  0.,  1.]])"
      ]
     },
     "execution_count": 6,
     "metadata": {},
     "output_type": "execute_result"
    }
   ],
   "source": [
    "np.eye(4)"
   ]
  },
  {
   "cell_type": "code",
   "execution_count": null,
   "metadata": {},
   "outputs": [],
   "source": []
  }
 ],
 "metadata": {
  "kernelspec": {
   "display_name": "Python 2",
   "language": "python",
   "name": "python2"
  },
  "language_info": {
   "codemirror_mode": {
    "name": "ipython",
    "version": 2
   },
   "file_extension": ".py",
   "mimetype": "text/x-python",
   "name": "python",
   "nbconvert_exporter": "python",
   "pygments_lexer": "ipython2",
   "version": "2.7.6"
  }
 },
 "nbformat": 4,
 "nbformat_minor": 0
}
